Province/State,Country/Region,Lat,Long,1/22/20,1/23/20,1/24/20,1/25/20,1/26/20,1/27/20,1/28/20,1/29/20,1/30/20,1/31/20,2/1/20,2/2/20,2/3/20,2/4/20,2/5/20,2/6/20,2/7/20,2/8/20,2/9/20,2/10/20,2/11/20,2/12/20,2/13/20,2/14/20,2/15/20,2/16/20,2/17/20,2/18/20,2/19/20,2/20/20,2/21/20,2/22/20,2/23/20,2/24/20,2/25/20,2/26/20,2/27/20,2/28/20,2/29/20,3/1/20,3/2/20,3/3/20,3/4/20,3/5/20,3/6/20,3/7/20,3/8/20,3/9/20,3/10/20,3/11/20,3/12/20,3/13/20,3/14/20,3/15/20,3/16/20,3/17/20,3/18/20,3/19/20,3/20/20,3/21/20,3/22/20,3/23/20,3/24/20,3/25/20,3/26/20,3/27/20,3/28/20,3/29/20,3/30/20,3/31/20,4/1/20,4/2/20,4/3/20,4/4/20,4/5/20,4/6/20,4/7/20,4/8/20,4/9/20,4/10/20,4/11/20,4/12/20,4/13/20,4/14/20,4/15/20,4/16/20,4/17/20,4/18/20,4/19/20,4/20/20,4/21/20,4/22/20,4/23/20,4/24/20,4/25/20,4/26/20,4/27/20,4/28/20,4/29/20,4/30/20,5/1/20,5/2/20,5/3/20,5/4/20,5/5/20,5/6/20,5/7/20,5/8/20,5/9/20,5/10/20,5/11/20,5/12/20,5/13/20,5/14/20,5/15/20,5/16/20,5/17/20,5/18/20,5/19/20,5/20/20,5/21/20,5/22/20,5/23/20,5/24/20,5/25/20,5/26/20,5/27/20,5/28/20,5/29/20,5/30/20,5/31/20,6/1/20,6/2/20,6/3/20,6/4/20,6/5/20,6/6/20,6/7/20,6/8/20,6/9/20,6/10/20,6/11/20,6/12/20,6/13/20,6/14/20,6/15/20,6/16/20,6/17/20,6/18/20,6/19/20,6/20/20,6/21/20,6/22/20,6/23/20,6/24/20,6/25/20,6/26/20,6/27/20,6/28/20,6/29/20,6/30/20,7/1/20,7/2/20,7/3/20,7/4/20,7/5/20,7/6/20,7/7/20,7/8/20,7/9/20,7/10/20,7/11/20,7/12/20,7/13/20,7/14/20,7/15/20,7/16/20,7/17/20,7/18/20,7/19/20,7/20/20,7/21/20,7/22/20,7/23/20,7/24/20,7/25/20,7/26/20,7/27/20,7/28/20,7/29/20,7/30/20,7/31/20,8/1/20,8/2/20,8/3/20,8/4/20,8/5/20,8/6/20,8/7/20,8/8/20,8/9/20,8/10/20,8/11/20,8/12/20,8/13/20,8/14/20,8/15/20,8/16/20,8/17/20,8/18/20,8/19/20,8/20/20,8/21/20,8/22/20,8/23/20,8/24/20,8/25/20,8/26/20,8/27/20,8/28/20,8/29/20,8/30/20,8/31/20,9/1/20,9/2/20,9/3/20,9/4/20,9/5/20,9/6/20,9/7/20,9/8/20,9/9/20,9/10/20,9/11/20,9/12/20,9/13/20,9/14/20,9/15/20,9/16/20,9/17/20,9/18/20,9/19/20,9/20/20,9/21/20,9/22/20,9/23/20,9/24/20,9/25/20,9/26/20,9/27/20,9/28/20,9/29/20,9/30/20,10/1/20,10/2/20,10/3/20,10/4/20,10/5/20,10/6/20,10/7/20,10/8/20,10/9/20,10/10/20,10/11/20,10/12/20,10/13/20,10/14/20,10/15/20,10/16/20,10/17/20,10/18/20,10/19/20,10/20/20,10/21/20,10/22/20,10/23/20,10/24/20,10/25/20,10/26/20,10/27/20,10/28/20,10/29/20,10/30/20,10/31/20,11/1/20,11/2/20,11/3/20,11/4/20,11/5/20,11/6/20,11/7/20,11/8/20,11/9/20,11/10/20,11/11/20,11/12/20,11/13/20,11/14/20,11/15/20,11/16/20,11/17/20,11/18/20,11/19/20,11/20/20,11/21/20,11/22/20,11/23/20,11/24/20,11/25/20,11/26/20,11/27/20,11/28/20,11/29/20,11/30/20,12/1/20,12/2/20,12/3/20,12/4/20,12/5/20,12/6/20,12/7/20,12/8/20,12/9/20,12/10/20,12/11/20,12/12/20,12/13/20,12/14/20,12/15/20,12/16/20,12/17/20,12/18/20,12/19/20,12/20/20,12/21/20,12/22/20,12/23/20,12/24/20,12/25/20,12/26/20,12/27/20,12/28/20,12/29/20,12/30/20,12/31/20,1/1/21,1/2/21,1/3/21,1/4/21,1/5/21,1/6/21,1/7/21,1/8/21,1/9/21,1/10/21,1/11/21,1/12/21,1/13/21,1/14/21,1/15/21,1/16/21,1/17/21,1/18/21,1/19/21,1/20/21,1/21/21,1/22/21,1/23/21,1/24/21,1/25/21,1/26/21,1/27/21,1/28/21,1/29/21,1/30/21,1/31/21,2/1/21,2/2/21,2/3/21,2/4/21,2/5/21,2/6/21,2/7/21,2/8/21,2/9/21,2/10/21,2/11/21,2/12/21,2/13/21,2/14/21,2/15/21,2/16/21,2/17/21,2/18/21,2/19/21,2/20/21,2/21/21,2/22/21,2/23/21,2/24/21,2/25/21,2/26/21,2/27/21,2/28/21,3/1/21,3/2/21,3/3/21,3/4/21,3/5/21,3/6/21,3/7/21,3/8/21,3/9/21,3/10/21,3/11/21,3/12/21,3/13/21,3/14/21,3/15/21,3/16/21,3/17/21,3/18/21,3/19/21,3/20/21,3/21/21,3/22/21,3/23/21,3/24/21,3/25/21,3/26/21,3/27/21,3/28/21,3/29/21,3/30/21,3/31/21,4/1/21,4/2/21,4/3/21,4/4/21,4/5/21,4/6/21,4/7/21,4/8/21,4/9/21,4/10/21,4/11/21,4/12/21,4/13/21,4/14/21,4/15/21,4/16/21,4/17/21,4/18/21,4/19/21,4/20/21,4/21/21,4/22/21,4/23/21,4/24/21,4/25/21,4/26/21,4/27/21,4/28/21,4/29/21,4/30/21,5/1/21,5/2/21,5/3/21,5/4/21,5/5/21,5/6/21,5/7/21,5/8/21,5/9/21,5/10/21,5/11/21,5/12/21,5/13/21,5/14/21,5/15/21,5/16/21,5/17/21,5/18/21,5/19/21,5/20/21,5/21/21,5/22/21,5/23/21,5/24/21,5/25/21,5/26/21,5/27/21,5/28/21,5/29/21,5/30/21,5/31/21,6/1/21,6/2/21,6/3/21,6/4/21,6/5/21,6/6/21,6/7/21,6/8/21,6/9/21,6/10/21,6/11/21,6/12/21,6/13/21,6/14/21,6/15/21,6/16/21,6/17/21,6/18/21,6/19/21,6/20/21,6/21/21,6/22/21,6/23/21,6/24/21,6/25/21,6/26/21,6/27/21,6/28/21,6/29/21,6/30/21,7/1/21,7/2/21,7/3/21,7/4/21,7/5/21,7/6/21,7/7/21,7/8/21,7/9/21,7/10/21,7/11/21,7/12/21,7/13/21,7/14/21,7/15/21,7/16/21,7/17/21,7/18/21,7/19/21,7/20/21,7/21/21,7/22/21,7/23/21,7/24/21,7/25/21,7/26/21,7/27/21,7/28/21,7/29/21,7/30/21,7/31/21,8/1/21,8/2/21,8/3/21,8/4/21,8/5/21,8/6/21,8/7/21,8/8/21,8/9/21,8/10/21,8/11/21,8/12/21,08/13/21,08/14/21,08/15/21,08/16/21,08/17/21,08/18/21
,France,46.2276,2.2137,0,0,2,3,3,3,4,5,5,5,6,6,6,6,6,6,6,11,11,11,11,11,11,11,12,12,12,12,12,12,12,12,12,12,14,18,38,57,100,130,191,212,285,423,613,938,1115,1401,1773,2281,2281,3661,4469,4499,6633,7652,9043,10871,12612,14282,16533,19856,22054,24967,28856,32609,37162,39761,44029,51579,56362,58404,63588,68490,73392,78294,83197,88100,93003,97906,102809,107712,110836,128272,131476,144035,145896,149683,150752,153197,155821,157603,158128,158653,160295,160907,164592,167650,167715,167780,167846,168637,168887,169405,170467,174596,175218,175743,176132,176338,176651,177330,177790,178353,178837,179140,179250,179650,180143,180499,180752,181444,181969,181981,181993,182005,182018,185300,185842,187608,187817,187986,188086,188186,188286,188808,189330,189621,189782,190266,190743,191040,191679,192043,192317,192369,192915,193256,193576,194121,194535,194599,194693,195256,195256,195256,196267,196521,196532,196543,196554,197238,197591,197994,197994,197994,198850,199170,199699,200027,200569,200569,200569,201755,201755,202383,202819,203516,203516,203516,205308,205773,206641,207650,208553,208553,208553,210821,211337,212676,213927,215135,215135,215135,218351,219253,220874,222398,224602,224602,224602,229203,230540,232966,235540,238240,241371,244335,244761,246821,250539,255214,259717,263129,267589,269452,272643,272643,283698,290929,296265,301554,304349,309247,316047,322935,331578,340013,346921,351017,357473,365025,374586,383854,394270,400533,406609,414196,423924,433871,446961,460328,470864,476162,485929,497914,513732,529501,543688,554304,558374,566196,578769,591783,603920,620330,632834,637918,648116,666849,684164,704478,731155,747092,755597,768380,790959,820685,845740,877840,907677,920916,941085,967717,1008483,1050468,1095708,1102262,1174279,1207430,1243855,1290446,1339640,1374691,1420870,1525184,1597139,1602143,1607147,1667604,1754202,1792764,1812919,1834515,1870380,1902644,1926314,1958235,1985427,1994728,2039938,2068297,2088784,2111646,2129287,2142417,2146869,2155722,2171967,2184846,2197283,2209739,2219502,2223393,2231344,2245324,2257894,2269080,2281889,2292838,2296249,2309760,2324300,2337594,2350923,2364740,2376228,2379291,2390419,2407983,2426063,2441737,2458839,2471458,2477255,2488889,2503693,2525234,2545358,2548388,2556621,2559575,2570767,2597124,2616902,2636045,2639404,2651893,2655915,2676195,2701215,2722728,2742349,2762120,2777921,2781503,2800770,2824473,2845701,2866413,2887532,2903975,2907711,2931050,2957547,2979915,3002910,3026320,3044358,3048598,3070458,3097374,3120634,3143417,3167274,3186354,3190701,3213360,3239256,3261670,3284085,3303273,3322988,3327305,3345558,3370645,3390952,3410996,3431805,3447518,3451894,3471268,3495775,3517177,3541282,3562707,3584326,3588972,3608271,3639501,3664050,3689034,3712474,3732426,3736390,3759247,3785326,3810605,3833572,3856182,3878007,3883334,3906363,3935990,3963156,3988194,4017844,4043769,4050010,4080012,4117650,4152604,4187630,4222935,4252919,4268711,4283389,4347614,4393255,4434884,4477503,4513685,4522779,4553481,4611392,4661841,4708648,4748382,4788117,4799078,4807123,4807123,4903965,4903965,4903965,5021865,5030401,5068534,5111882,5149776,5186109,5221888,5249622,5256318,5300321,5334144,5367544,5399600,5432085,5456417,5460793,5490025,5521227,5547670,5571804,5597295,5605532,5609292,5633509,5658254,5679730,5698706,5718165,5727293,5730585,5750098,5770128,5789589,5796058,5811711,5825659,5829009,5845010,5863138,5863331,5863524,5863717,5863910,5864103,5864296,5864489,5864682,5864875,5865068,5865261,5865454,5865647,5865840,5866033,5866226,5866419,5866612,5866805,5866998,5867191,5867384,5867577,5867770,5867963,5868156,5868349,5868542,5868735,5868928,5869121,5869314,5869507,5869700,5869893,5870086,5870279,5870472,5870665,5870858,5871051,5871244,5871437,5871630,5871823,5872016,5872210,5872404,5872598,5872792,5872986,5873180,5873374,5873568,5873762,5873956,5874150,5874344,5874538,5874732,5874926,5875120,5875314,5875508,5875702,5901326,5916568,5919170,5946041,5971078,5996132,6020331,6043802,6063402,6063402,6084067,6111503,6137948,6161967,6187722,6208172,6211471,6232682,6260194,6288585,6290741,6311594,6332517,6353509,6374570,6395702
Ile-de-France,Paris,,,0,0,0,0,0,0,0,0,0,0,0,0,0,0,0,0,0,0,0,0,0,0,0,0,0,0,0,0,0,0,0,0,0,0,0,0,0,0,0,0,0,0,0,0,0,0,0,0,0,0,0,0,0,0,0,0,54,84,128,158,185,257,312,403,492,613,710,752,913,1092,1267,1409,1604,1760,1902,2029,2190,2386,2594,2844,2998,3138,3246,3339,3534,3730,3924,4087,4211,4308,4481,4622,4746,4864,4971,5033,5122,5189,5418,5537,5617,5691,5722,5776,5883,6020,6153,6221,6258,6273,6332,6406,6462,6540,6608,6629,6643,6686,6790,6856,6907,6937,6989,6998,7034,7081,7190,7247,7279,7304,7316,7330,7346,7376,7392,7435,7457,7460,7479,7503,7514,7548,7561,7579,7579,7595,7622,7665,7677,7685,7691,7693,7705,7708,7721,7727,7742,7744,7744,7754,7768,7791,7843,7868,7871,7871,7882,7935,7952,7960,7965,7965,7965,7969,7970,7980,7986,7992,7995,8025,8034,8040,8076,8095,8154,8160,8160,8161,8169,8182,8192,8196,8200,8202,8204,8214,8225,8237,8243,8248,8249,8257,8271,8283,8297,8305,8307,8309,8314,8328,8332,8336,8347,8354,8355,8362,8380,8406,8412,8424,8430,8430,8437,8451,8460,8474,8491,8496,8497,8505,8527,8541,8553,8571,8587,8590,8599,8630,8650,8708,8746,8808,8836,8867,8893,8942,8967,8995,9021,9032,9050,9076,9111,9147,9176,9202,9213,9229,9275,9317,9359,9402,9436,9452,9483,9535,9591,9639,9679,9712,9737,9777,9839,9875,9930,9992,10033,10058,10100,10186,10259,10338,10401,10455,10498,10544,10621,10696,10774,10911,10982,11027,11099,11249,11317,11379,11456,11548,11579,11664,11765,11828,11933,12000,12068,12091,12132,12187,12275,12347,12444,12486,12506,12549,12621,12682,12741,12798,12841,12849,12874,12968,13035,13125,13167,13201,13208,13251,13290,13321,13354,13406,13444,13448,13482,13565,13611,13654,13682,13698,13711,13732,13793,13842,13868,13894,13914,13921,13951,14032,14090,14141,14170,14195,14207,14237,14288,14323,14382,14413,14446,14451,14484,14548,14617,14654,14690,14740,14752,14778,14831,14881,14913,14984,15032,15058,15091,15148,15207,15270,15333,15372,15390,15432,15523,15595,15656,15714,15762,15790,15830,15908,15955,16004,16064,16126,16137,16199,16252,16343,16402,16483,16519,16548,16607,16691,16771,16832,16902,16965,17000,17044,17121,17215,17293,17369,17421,17440,17515,17609,17706,17785,17877,17932,17978,18047,18127,18272,18381,18496,18598,18650,18736,18821,18964,19073,19191,19281,19344,19375,19461,19613,19718,19865,19963,20033,20105,20223,20391,20525,20651,20761,20799,20902,21054,21214,21307,21443,21550,21573,21684,21789,21921,22021,22126,22255,22311,22417,22531,22652,22723,22830,22956,22986,23053,23174,23285,23372,23423,23472,23505,23539,23634,23717,23779,23834,23879,23906,23930,23989,24078,24134,24176,24215,24236,24313,24355,24428,24487,24519,24530,24546,24587,24637,24684,24769,24791,24805,24806,24838,24893,24930,24968,24989,25005,25010,25021,25049,25076,25105,25131,25141,25141,25158,25171,25210,25225,25236,25251,25251,25260,25277,25285,25291,25320,25328,25329,25341,25349,25354,25364,25380,25385,25385,25393,25419,25438,25466,25480,25489,25489,25509,25524,25543,25551,25575,25582,25588,25609,25632,25649,25676,25720,25731,25738,25764,25784,25809,25818,25827,25846,25864,25883,25902,25921
Ile-de-France,Seine-et-Marne,,,0,0,0,0,0,0,0,0,0,0,0,0,0,0,0,0,0,0,0,0,0,0,0,0,0,0,0,0,0,0,0,0,0,0,0,0,0,0,0,0,0,0,0,0,0,0,0,0,0,0,0,0,0,0,0,0,10,15,23,24,26,43,68,84,105,129,156,172,205,265,343,402,458,541,561,639,707,809,919,992,1030,1061,1091,1167,1255,1354,1450,1599,1635,1696,1771,1833,1897,1960,1999,2028,2051,2090,2171,2209,2232,2256,2268,2308,2371,2412,2505,2522,2545,2551,2565,2605,2634,2662,2689,2717,2733,2747,2766,2795,2821,2822,2840,2848,2869,2890,2917,2938,2967,2996,2997,3000,3010,3029,3044,3058,3079,3081,3098,3101,3127,3135,3156,3160,3163,3165,3182,3189,3194,3215,3222,3222,3223,3231,3242,3248,3260,3263,3263,3263,3272,3274,3292,3304,3309,3309,3316,3326,3333,3337,3343,3344,3345,3355,3356,3357,3362,3367,3367,3367,3375,3377,3385,3390,3392,3397,3397,3397,3402,3410,3410,3418,3419,3420,3430,3432,3437,3438,3448,3452,3452,3457,3466,3470,3472,3484,3486,3487,3497,3505,3513,3521,3531,3533,3533,3539,3549,3552,3557,3562,3567,3567,3567,3575,3585,3589,3593,3596,3596,3597,3608,3613,3613,3632,3649,3651,3652,3664,3676,3686,3719,3731,3747,3755,3765,3771,3775,3786,3797,3804,3812,3829,3842,3849,3865,3878,3881,3885,3901,3909,3921,3939,3955,3962,3976,3994,4025,4033,4050,4064,4077,4084,4106,4127,4154,4180,4199,4214,4227,4243,4267,4304,4336,4388,4401,4426,4462,4497,4530,4569,4618,4633,4670,4722,4778,4805,4852,4895,4918,4950,4993,5047,5118,5162,5191,5201,5223,5286,5318,5370,5405,5426,5444,5454,5502,5543,5569,5598,5627,5632,5652,5691,5715,5740,5763,5790,5792,5802,5828,5860,5884,5915,5935,5950,5968,5989,6011,6033,6053,6064,6068,6080,6100,6116,6123,6151,6165,6166,6174,6217,6246,6269,6301,6319,6323,6337,6365,6389,6405,6457,6471,6479,6485,6507,6522,6553,6573,6586,6596,6602,6632,6649,6666,6703,6725,6739,6751,6774,6807,6837,6862,6884,6886,6910,6951,6992,7011,7072,7103,7114,7132,7181,7207,7223,7262,7289,7295,7298,7327,7368,7399,7436,7459,7471,7484,7504,7557,7617,7638,7659,7683,7717,7751,7795,7828,7851,7895,7914,7939,7983,8011,8040,8071,8111,8125,8136,8181,8287,8322,8372,8415,8427,8462,8517,8578,8629,8684,8760,8770,8787,8810,8879,8936,8978,9054,9089,9135,9204,9265,9311,9369,9417,9433,9458,9543,9585,9645,9691,9736,9751,9776,9824,9872,9919,9964,10002,10016,10027,10096,10130,10168,10220,10254,10283,10294,10335,10398,10432,10448,10481,10488,10496,10534,10568,10609,10633,10668,10677,10681,10694,10730,10748,10788,10812,10816,10824,10856,10876,10903,10934,10947,10951,10955,10974,10999,11015,11034,11044,11045,11045,11056,11061,11070,11083,11092,11092,11093,11113,11120,11124,11134,11148,11148,11151,11155,11159,11159,11168,11174,11175,11182,11189,11198,11203,11212,11214,11214,11215,11222,11226,11228,11239,11248,11249,11249,11254,11261,11264,11269,11274,11274,11279,11290,11295,11299,11306,11313,11320,11324,11338,11347,11362,11376,11385,11388,11398,11412,11427,11440,11441,11452,11463,11475,11486,11497
Ile-de-France,Yvelines,,,0,0,0,0,0,0,0,0,0,0,0,0,0,0,0,0,0,0,0,0,0,0,0,0,0,0,0,0,0,0,0,0,0,0,0,0,0,0,0,0,0,0,0,0,0,0,0,0,0,0,0,0,0,0,0,0,10,13,28,44,48,58,84,123,155,188,230,256,312,385,466,531,591,622,645,709,760,817,882,935,981,1007,1050,1106,1191,1266,1324,1438,1447,1492,1546,1586,1633,1687,1718,1724,1745,1758,1814,1866,1891,1900,1902,1918,1959,1974,2000,2012,2022,2029,2055,2106,2132,2158,2194,2222,2223,2231,2257,2277,2279,2307,2311,2311,2332,2348,2359,2377,2385,2389,2392,2393,2402,2438,2455,2469,2488,2488,2495,2513,2515,2527,2534,2537,2537,2541,2546,2548,2551,2555,2556,2571,2599,2624,2628,2661,2667,2679,2680,2681,2684,2688,2690,2707,2707,2707,2713,2716,2720,2723,2736,2750,2750,2753,2753,2757,2761,2766,2776,2776,2788,2791,2793,2807,2808,2817,2817,2828,2847,2850,2853,2871,2871,2871,2872,2874,2876,2878,2880,2881,2881,2881,2882,2899,2912,2914,2916,2916,2924,2935,2938,2956,2960,2965,2966,2971,2972,2989,2994,2999,3007,3007,3013,3015,3030,3044,3048,3048,3048,3051,3055,3069,3073,3086,3087,3088,3098,3115,3127,3153,3155,3185,3224,3246,3253,3261,3272,3286,3298,3299,3308,3321,3340,3351,3362,3374,3380,3388,3394,3407,3420,3435,3446,3452,3464,3483,3513,3531,3550,3566,3576,3590,3612,3630,3654,3673,3705,3716,3745,3775,3798,3831,3860,3867,3869,3894,3927,3970,4000,4052,4083,4086,4123,4173,4210,4240,4304,4402,4410,4432,4485,4525,4567,4597,4618,4629,4656,4708,4745,4783,4814,4831,4831,4846,4897,4909,4929,4964,4996,4997,5031,5100,5135,5163,5188,5212,5218,5235,5294,5339,5372,5397,5409,5416,5434,5483,5508,5550,5554,5558,5562,5600,5631,5649,5705,5717,5720,5725,5740,5801,5811,5865,5877,5921,5924,5935,5975,6007,6028,6050,6071,6074,6102,6131,6164,6188,6207,6259,6264,6279,6313,6331,6355,6365,6379,6380,6409,6435,6461,6491,6527,6545,6556,6607,6649,6670,6707,6757,6789,6797,6805,6838,6858,6930,6961,6984,6987,7027,7061,7089,7109,7134,7159,7162,7193,7240,7273,7304,7327,7335,7344,7359,7409,7421,7466,7493,7553,7554,7578,7638,7672,7700,7734,7754,7762,7807,7846,7877,7923,7958,7994,7995,8037,8085,8116,8175,8204,8237,8246,8260,8284,8342,8397,8427,8455,8479,8523,8565,8599,8629,8652,8701,8707,8745,8803,8887,8926,8965,9001,9018,9061,9119,9164,9205,9235,9268,9278,9317,9355,9404,9437,9482,9504,9512,9543,9554,9598,9610,9648,9683,9685,9705,9750,9773,9799,9822,9834,9839,9840,9857,9926,9950,9975,9985,9987,9994,10021,10060,10066,10091,10094,10097,10120,10144,10167,10177,10192,10196,10199,10204,10218,10231,10243,10248,10255,10255,10259,10281,10287,10297,10302,10304,10304,10308,10313,10323,10330,10338,10339,10340,10346,10374,10383,10384,10386,10389,10389,10395,10407,10410,10415,10423,10425,10425,10428,10432,10438,10441,10443,10448,10448,10452,10459,10464,10468,10473,10478,10478,10485,10494,10504,10511,10517,10518,10521,10523,10544,10553,10558,10554,10561,10568,10575,10582,10590
Ile-de-France,Essonne,,,0,0,0,0,0,0,0,0,0,0,0,0,0,0,0,0,0,0,0,0,0,0,0,0,0,0,0,0,0,0,0,0,0,0,0,0,0,0,0,0,0,0,0,0,0,0,0,0,0,0,0,0,0,0,0,0,1,5,10,13,16,22,45,70,83,98,133,159,176,204,229,276,319,357,389,445,510,557,642,707,759,793,806,874,958,1020,1085,1129,1140,1164,1234,1267,1344,1398,1425,1431,1468,1512,1592,1642,1664,1667,1672,1700,1817,1914,1951,1973,1975,1983,2003,2025,2042,2089,2136,2145,2151,2187,2206,2242,2273,2319,2362,2362,2406,2418,2440,2480,2495,2502,2502,2505,2507,2539,2543,2554,2558,2558,2562,2590,2591,2599,2610,2673,2679,2681,2697,2708,2711,2714,2715,2715,2718,2733,2748,2761,2814,2832,2832,2839,2842,2848,2854,2863,2865,2865,2869,2936,2939,2942,2949,2949,2949,2950,2950,2950,2952,2955,2956,2956,2961,2962,2963,2971,2973,2973,2973,2986,2988,2990,2994,2996,2997,2997,3020,3020,3023,3023,3026,3026,3026,3031,3038,3039,3039,3042,3043,3043,3044,3046,3048,3048,3057,3059,3059,3065,3065,3071,3093,3119,3119,3119,3130,3134,3148,3150,3155,3155,3155,3160,3162,3164,3169,3170,3172,3172,3179,3181,3199,3209,3479,3578,3609,3625,3633,3650,3655,3669,3676,3679,3687,3713,3728,3739,3745,3752,3757,3766,3778,3806,3820,3835,3860,3863,3876,3888,3920,3935,3939,3952,3962,3981,4016,4034,4065,4088,4106,4121,4142,4166,4185,4218,4247,4283,4298,4320,4385,4461,4518,4577,4611,4615,4636,4691,4777,4807,4859,4909,4927,4933,4987,5044,5089,5129,5165,5168,5184,5239,5270,5302,5338,5356,5364,5377,5407,5440,5470,5487,5505,5513,5521,5555,5653,5686,5715,5720,5724,5735,5785,5818,5841,5857,5868,5879,5902,5932,5939,5957,5963,5976,5978,5989,6006,6058,6084,6086,6093,6097,6122,6151,6177,6197,6220,6234,6237,6247,6266,6294,6312,6326,6350,6360,6412,6438,6472,6498,6523,6543,6546,6563,6582,6595,6634,6655,6675,6682,6696,6746,6763,6822,6881,6920,6926,6971,7016,7061,7090,7131,7154,7160,7184,7232,7268,7294,7328,7345,7353,7393,7415,7455,7486,7525,7574,7626,7673,7695,7727,7748,7795,7813,7820,7850,7911,7956,7982,8047,8086,8099,8111,8142,8182,8229,8278,8297,8310,8338,8423,8475,8523,8563,8591,8597,8638,8692,8735,8771,8815,8852,8871,8898,8951,9033,9099,9163,9198,9219,9272,9317,9375,9411,9464,9514,9528,9565,9627,9668,9761,9825,9851,9868,9900,9967,10032,10089,10137,10164,10187,10211,10242,10326,10365,10411,10440,10450,10476,10531,10564,10587,10622,10631,10641,10687,10715,10749,10803,10824,10838,10851,10851,10909,10956,10990,11038,11050,11056,11071,11103,11130,11153,11173,11177,11178,11212,11234,11287,11302,11318,11323,11330,11336,11361,11440,11472,11477,11477,11477,11492,11511,11514,11525,11531,11532,11534,11541,11557,11565,11574,11578,11615,11615,11620,11623,11629,11629,11633,11634,11634,11640,11646,11646,11648,11655,11656,11656,11659,11670,11677,11683,11686,11691,11691,11697,11710,11716,11725,11739,11741,11741,11745,11749,11762,11768,11772,11774,11778,11797,11803,11817,11825,11823,11831,11840,11848,11857,11865
Ile-de-France,Hauts-de-Seine,,,0,0,0,0,0,0,0,0,0,0,0,0,0,0,0,0,0,0,0,0,0,0,0,0,0,0,0,0,0,0,0,0,0,0,0,0,0,0,0,0,0,0,0,0,0,0,0,0,0,0,0,0,0,0,0,0,26,38,61,88,108,140,183,239,283,335,401,452,505,607,690,821,940,1033,1130,1239,1462,1568,1728,1878,1974,2031,2102,2209,2353,2476,2580,2666,2692,2790,2939,3020,3100,3192,3282,3323,3400,3464,3593,3672,3722,3741,3762,3806,3909,3969,4028,4085,4099,4120,4148,4213,4274,4339,4393,4444,4460,4519,4578,4639,4663,4674,4675,4683,4709,4748,4807,4833,4852,4902,4905,4915,4951,4995,5044,5066,5077,5078,5094,5136,5148,5169,5175,5179,5183,5192,5205,5222,5245,5253,5258,5258,5264,5306,5320,5329,5341,5352,5352,5353,5358,5371,5411,5414,5419,5419,5431,5447,5482,5484,5496,5497,5497,5498,5501,5504,5517,5527,5527,5527,5529,5554,5573,5577,5582,5586,5586,5590,5598,5598,5600,5625,5643,5643,5653,5656,5659,5694,5695,5695,5696,5701,5708,5709,5711,5719,5721,5721,5730,5781,5784,5789,5792,5807,5807,5819,5824,5849,5854,5874,5879,5881,5892,5899,5911,5920,5927,5931,5931,5940,5953,5967,5982,5988,6003,6006,6021,6034,6066,6119,6210,6432,6440,6465,6501,6520,6540,6557,6568,6575,6610,6635,6658,6681,6698,6713,6722,6757,6792,6818,6852,6876,6896,6899,6936,6966,6992,7027,7058,7078,7089,7112,7160,7213,7251,7294,7348,7355,7391,7419,7478,7531,7588,7636,7653,7706,7760,7859,7900,7952,7995,8023,8070,8143,8195,8248,8322,8349,8360,8427,8492,8558,8607,8652,8680,8691,8726,8800,8851,8902,8935,8987,8992,9015,9071,9095,9131,9166,9197,9209,9227,9269,9291,9331,9360,9375,9380,9407,9468,9493,9529,9549,9561,9564,9570,9606,9647,9690,9710,9714,9728,9754,9790,9837,9865,9881,9886,9887,9906,9958,9989,10008,10049,10069,10078,10099,10136,10181,10211,10260,10287,10298,10320,10368,10426,10467,10501,10522,10531,10573,10605,10660,10688,10734,10763,10769,10806,10858,10895,10952,11009,11067,11078,11144,11190,11253,11357,11426,11469,11482,11519,11587,11631,11719,11769,11800,11807,11837,11917,11966,12008,12050,12075,12086,12122,12161,12216,12263,12291,12326,12348,12412,12460,12552,12636,12675,12710,12726,12758,12831,12882,12934,12998,13047,13079,13105,13177,13230,13286,13341,13397,13415,13449,13513,13641,13709,13785,13846,13884,13910,13964,14086,14153,14237,14306,14388,14430,14513,14626,14688,14751,14809,14840,14889,15014,15118,15196,15242,15333,15374,15413,15495,15571,15633,15701,15775,15797,15823,15879,15977,16051,16123,16162,16187,16223,16282,16343,16400,16473,16496,16519,16540,16599,16636,16696,16731,16778,16802,16823,16841,16880,16915,16944,16979,16986,17003,17024,17061,17086,17105,17156,17158,17164,17175,17210,17223,17244,17277,17281,17290,17337,17365,17402,17414,17427,17428,17432,17449,17463,17485,17505,17510,17510,17522,17536,17543,17558,17567,17573,17573,17585,17602,17603,17615,17625,17633,17633,17640,17645,17645,17653,17659,17665,17665,17674,17684,17695,17700,17723,17728,17729,17736,17750,17758,17766,17788,17793,17795,17798,17806,17814,17835,17853,17861,17872,17886,17904,17915,17935,17937,17951,17964,17978,17992,18005
Ile-de-France,Seine-Saint-Denis,,,0,0,0,0,0,0,0,0,0,0,0,0,0,0,0,0,0,0,0,0,0,0,0,0,0,0,0,0,0,0,0,0,0,0,0,0,0,0,0,0,0,0,0,0,0,0,0,0,0,0,0,0,0,0,0,0,20,26,54,57,64,83,109,127,168,207,287,313,346,471,545,607,692,766,802,866,996,1116,1275,1409,1494,1559,1626,1746,1880,1993,2156,2224,2276,2353,2431,2525,2610,2695,2759,2788,2849,2935,3017,3059,3083,3106,3120,3152,3215,3302,3390,3414,3440,3470,3536,3641,3698,3737,3776,3816,3829,3874,3911,3950,3959,3975,3988,3990,4008,4045,4071,4111,4168,4188,4190,4191,4213,4244,4275,4307,4317,4320,4323,4342,4351,4372,4414,4427,4430,4442,4463,4470,4490,4499,4503,4503,4548,4558,4579,4587,4592,4594,4594,4599,4614,4642,4646,4659,4663,4665,4670,4681,4705,4718,4732,4735,4735,4746,4757,4766,4767,4772,4774,4774,4784,4802,4806,4816,4841,4843,4843,4845,4868,4916,4933,4944,4945,4945,4945,4957,4962,4972,4981,4985,4985,4993,5015,5021,5036,5037,5039,5039,5062,5066,5072,5082,5101,5103,5103,5117,5152,5168,5180,5187,5191,5194,5200,5206,5217,5247,5254,5260,5260,5270,5294,5302,5308,5325,5337,5339,5348,5355,5384,5431,5478,5498,5537,5581,5596,5640,5657,5678,5687,5693,5720,5756,5782,5808,5834,5860,5862,5886,5922,5954,5983,6008,6013,6023,6058,6136,6166,6232,6270,6290,6305,6353,6387,6420,6466,6530,6555,6564,6603,6681,6737,6776,6827,6849,6860,6899,6943,7013,7049,7127,7160,7167,7230,7304,7344,7394,7473,7509,7519,7562,7623,7702,7763,7809,7863,7872,7911,7979,8040,8078,8126,8143,8148,8173,8237,8273,8331,8363,8391,8397,8425,8443,8471,8527,8566,8579,8584,8600,8635,8661,8702,8743,8749,8752,8767,8811,8851,8886,8895,8897,8897,8926,8954,8972,8997,9003,9003,9004,9018,9082,9105,9137,9174,9189,9192,9217,9291,9308,9352,9373,9399,9403,9416,9449,9466,9516,9552,9566,9569,9594,9642,9690,9746,9773,9788,9793,9811,9852,9879,9923,9957,9987,10001,10041,10095,10143,10223,10263,10290,10294,10357,10421,10470,10495,10544,10558,10563,10604,10677,10761,10786,10835,10845,10847,10898,10922,10973,11020,11068,11132,11142,11180,11250,11286,11352,11405,11430,11451,11487,11578,11653,11694,11784,11808,11825,11906,11978,12056,12109,12161,12204,12244,12311,12386,12462,12510,12571,12639,12650,12699,12755,12818,12921,12969,13010,13024,13074,13164,13244,13319,13407,13463,13494,13550,13646,13704,13758,13823,13874,13887,13952,14015,14058,14156,14235,14271,14279,14376,14432,14519,14568,14591,14645,14661,14686,14765,14812,14837,14856,14895,14905,14961,15015,15056,15126,15166,15189,15195,15202,15241,15313,15358,15398,15414,15418,15471,15525,15573,15607,15644,15656,15660,15677,15707,15750,15780,15798,15815,15815,15834,15861,15893,15907,15916,15923,15923,15931,15954,15958,15968,15978,15987,15988,15999,16008,16028,16039,16042,16049,16051,16051,16062,16068,16100,16108,16112,16112,16113,16126,16128,16130,16142,16144,16144,16146,16153,16159,16165,16192,16203,16203,16208,16223,16228,16249,16261,16294,16294,16308,16374,16382,16386,16396,16409,16410,16421,16451,16464,16476,16475,16489,16502,16516,16530,16543
Ile-de-France,Val-de-Marne,,,0,0,0,0,0,0,0,0,0,0,0,0,0,0,0,0,0,0,0,0,0,0,0,0,0,0,0,0,0,0,0,0,0,0,0,0,0,0,0,0,0,0,0,0,0,0,0,0,0,0,0,0,0,0,0,0,21,51,79,92,107,132,147,187,233,279,340,372,401,513,632,711,819,921,965,1045,1184,1326,1422,1533,1593,1664,1720,1791,1940,2088,2178,2276,2296,2372,2485,2686,2788,2940,3018,3038,3083,3164,3253,3337,3366,3395,3420,3498,3627,3727,3819,3854,3863,3875,3939,4043,4078,4133,4171,4197,4206,4261,4321,4352,4373,4384,4393,4396,4441,4482,4505,4516,4531,4616,4636,4659,4666,4766,4798,4812,4887,4894,4901,4936,4944,4961,4979,4999,4999,5034,5068,5072,5077,5106,5141,5144,5152,5165,5171,5209,5214,5216,5216,5218,5238,5245,5248,5250,5251,5251,5254,5264,5302,5327,5331,5331,5331,5331,5332,5347,5379,5391,5397,5397,5405,5409,5420,5584,5607,5616,5616,5627,5640,5644,5649,5653,5655,5655,5662,5672,5675,5679,5689,5690,5690,5690,5697,5699,5708,5713,5714,5714,5729,5736,5738,5747,5767,5774,5774,5792,5812,5830,5837,5848,5850,5850,5856,5865,5880,5884,5894,5896,5896,5903,5909,5923,5937,5941,5948,5948,5954,5985,6025,6041,6064,6081,6129,6153,6169,6201,6221,6243,6256,6267,6279,6306,6340,6354,6379,6401,6404,6424,6461,6481,6504,6525,6538,6550,6569,6621,6698,6725,6749,6771,6777,6795,6837,6875,6913,6955,7003,7010,7037,7099,7138,7184,7215,7266,7276,7323,7402,7471,7527,7589,7627,7646,7704,7763,7789,7832,7914,7994,8017,8082,8149,8214,8285,8339,8385,8416,8466,8520,8582,8649,8690,8721,8730,8803,8847,8897,8928,8977,8992,8996,9034,9105,9138,9212,9251,9271,9282,9302,9342,9393,9474,9497,9568,9569,9593,9657,9695,9716,9757,9766,9771,9811,9852,9895,9922,9935,9936,9942,9984,10053,10086,10109,10140,10153,10168,10205,10243,10278,10318,10338,10363,10365,10409,10439,10479,10511,10533,10557,10564,10604,10640,10684,10720,10753,10776,10782,10810,10843,10897,10941,10970,11029,11040,11101,11173,11206,11243,11273,11301,11315,11344,11383,11428,11480,11526,11557,11567,11619,11661,11693,11746,11794,11806,11812,11844,11923,11977,12025,12055,12083,12099,12152,12203,12236,12298,12345,12369,12400,12440,12513,12572,12629,12705,12728,12741,12772,12853,12925,12968,13011,13062,13089,13142,13249,13320,13368,13422,13464,13492,13513,13577,13707,13776,13864,13925,13949,14030,14136,14175,14266,14346,14400,14415,14483,14573,14661,14766,14824,14872,14897,14980,15066,15128,15189,15252,15296,15305,15354,15431,15538,15609,15665,15724,15739,15775,15837,15904,15943,15965,15995,16003,16050,16108,16154,16177,16215,16232,16244,16250,16284,16320,16388,16407,16454,16458,16500,16529,16547,16576,16622,16636,16639,16644,16677,16710,16736,16761,16779,16788,16807,16813,16842,16863,16881,16888,16891,16895,16905,16915,16927,16934,16943,16949,16957,16964,16970,16976,16980,16982,16986,16989,16991,16994,17006,17013,17015,17015,17020,17027,17034,17037,17077,17081,17085,17093,17095,17095,17099,17108,17109,17109,17121,17128,17132,17136,17147,17150,17152,17158,17169,17174,17190,17201,17205,17209,17218,17229,17247,17260,17256,17266,17276,17286,17296,17306
Ile-de-France,Val-d’Oise,,,0,0,0,0,0,0,0,0,0,0,0,0,0,0,0,0,0,0,0,0,0,0,0,0,0,0,0,0,0,0,0,0,0,0,0,0,0,0,0,0,0,0,0,0,0,0,0,0,0,0,0,0,0,0,0,0,23,37,66,84,99,123,168,208,251,327,368,440,490,546,629,701,785,848,879,980,1043,1128,1198,1315,1383,1414,1450,1495,1573,1671,1740,1800,1825,1862,1916,1958,2007,2061,2098,2112,2132,2155,2220,2256,2289,2299,2306,2337,2374,2421,2453,2475,2478,2493,2504,2544,2583,2603,2620,2659,2668,2681,2733,2766,2796,2815,2831,2835,2866,2894,2907,2919,2943,2955,2957,2961,2974,2981,2992,3010,3020,3020,3032,3048,3060,3067,3089,3098,3101,3110,3115,3123,3134,3141,3167,3167,3171,3189,3189,3190,3215,3216,3216,3232,3235,3240,3262,3269,3277,3277,3280,3287,3290,3291,3300,3302,3302,3303,3303,3303,3306,3322,3324,3324,3326,3333,3333,3338,3341,3345,3354,3356,3362,3365,3366,3384,3386,3389,3414,3421,3426,3428,3431,3434,3434,3443,3444,3447,3453,3458,3460,3462,3469,3471,3475,3479,3486,3490,3493,3502,3504,3509,3513,3514,3521,3521,3526,3533,3536,3546,3548,3554,3554,3559,3565,3570,3575,3580,3581,3583,3588,3594,3661,3681,3699,3832,3844,3866,3886,3894,3904,3913,3918,3927,3931,3944,3958,3973,3987,3999,4005,4015,4026,4039,4052,4065,4078,4081,4091,4125,4159,4186,4212,4225,4232,4246,4269,4281,4308,4336,4373,4380,4403,4428,4462,4497,4535,4566,4594,4617,4656,4688,4744,4786,4846,4865,4908,4941,4984,5010,5051,5073,5113,5139,5171,5220,5256,5280,5338,5345,5381,5403,5435,5458,5480,5526,5534,5559,5582,5599,5627,5662,5687,5700,5711,5746,5761,5803,5826,5873,5876,5894,5905,5938,5956,5989,6011,6011,6031,6056,6068,6090,6118,6121,6136,6144,6157,6177,6214,6227,6234,6234,6246,6279,6306,6324,6346,6354,6375,6383,6406,6426,6465,6488,6506,6509,6514,6551,6571,6599,6614,6632,6636,6653,6685,6706,6726,6748,6771,6777,6805,6824,6853,6894,6923,6937,6954,6979,6996,7090,7138,7166,7201,7206,7230,7258,7302,7326,7365,7395,7405,7418,7456,7484,7517,7553,7581,7595,7612,7632,7683,7714,7735,7761,7772,7786,7817,7871,7924,7954,7967,7983,8009,8056,8091,8147,8188,8217,8223,8240,8287,8340,8385,8409,8460,8488,8517,8596,8663,8704,8747,8800,8825,8844,8878,8958,9004,9074,9123,9133,9190,9257,9330,9396,9456,9484,9524,9540,9623,9709,9765,9820,9865,9878,9906,9951,9994,10073,10139,10203,10219,10233,10269,10316,10356,10396,10408,10429,10462,10501,10549,10585,10622,10645,10653,10677,10723,10769,10808,10839,10873,10881,10885,10889,10947,10972,10992,11007,11010,11022,11040,11061,11089,11096,11113,11115,11130,11164,11196,11204,11244,11246,11249,11260,11278,11296,11313,11322,11324,11324,11333,11341,11360,11418,11422,11425,11427,11451,11454,11459,11477,11491,11493,11493,11497,11513,11532,11534,11537,11537,11537,11539,11544,11544,11553,11559,11563,11563,11564,11572,11573,11584,11586,11589,11589,11591,11597,11603,11615,11616,11621,11622,11633,11639,11648,11652,11658,11665,11669,11676,11685,11691,11699,11702,11709,11715,11722,11729,11735
REG-11,Ile-de-France,,,0,0,0,0,0,0,0,0,0,0,0,0,0,0,0,0,0,0,0,0,0,0,0,0,0,0,0,0,0,0,0,0,0,0,0,0,0,0,0,0,0,0,0,0,0,0,0,0,0,0,0,0,0,0,0,0,165,269,449,560,653,858,1116,1441,1770,2176,2625,2916,3348,4083,4801,5458,6208,6848,7273,7952,8852,9707,10660,11613,12212,12667,13091,13727,14684,15598,16437,17219,17522,18037,18803,19497,20125,20797,21270,21477,21850,22267,23078,23578,23864,24055,24172,24495,25155,25739,26299,26556,26680,26794,27082,27583,27903,28261,28587,28829,28913,29186,29562,29877,30071,30233,30389,30423,30665,30906,31196,31421,31620,31852,31895,31954,32069,32368,32543,32711,32883,32899,32984,33169,33250,33378,33518,33652,33671,33760,33898,33997,34079,34168,34253,34273,34380,34514,34597,34712,34845,34896,34897,34939,35011,35099,35246,35334,35362,35364,35415,35592,35723,35782,35852,35873,35874,35905,35922,35964,36030,36092,36116,36146,36202,36268,36349,36578,36698,36737,36746,36790,36874,36955,36997,37087,37116,37122,37188,37238,37275,37349,37393,37411,37413,37453,37521,37565,37628,37672,37686,37691,37769,37868,37900,37958,38041,38085,38090,38167,38258,38374,38440,38527,38564,38569,38621,38678,38767,38854,38910,38936,38937,38985,39073,39149,39210,39293,39364,39377,39439,39558,39788,40028,40550,41145,41366,41558,41696,41879,41991,42127,42221,42276,42397,42580,42759,42902,43046,43179,43224,43350,43549,43731,43911,44085,44222,44282,44453,44748,45064,45308,45507,45658,45755,45938,46226,46455,46741,47048,47322,47418,47648,47997,48324,48679,49009,49310,49449,49729,50156,50655,51042,51563,51922,52062,52440,52986,53394,53715,54231,54679,54843,55189,55665,56138,56618,56968,57308,57413,57679,58122,58516,58889,59232,59476,59549,59776,60164,60438,60726,61015,61236,61293,61475,61877,62199,62587,62836,63021,63064,63226,63547,63823,64112,64353,64545,64589,64747,65099,65330,65576,65732,65794,65851,66036,66283,66546,66778,66894,66951,66976,67141,67573,67810,68050,68277,68434,68504,68660,68970,69206,69473,69705,69893,69939,70142,70431,70717,70986,71193,71405,71458,71646,71930,72196,72448,72715,72909,72980,73179,73480,73762,74130,74462,74741,74831,75185,75593,76010,76425,76802,77069,77158,77401,77808,78119,78471,78819,79054,79114,79395,79766,80159,80453,80810,81018,81147,81433,81768,82177,82523,82811,83074,83208,83500,83922,84332,84779,85139,85431,85567,85837,86350,86769,87158,87635,87894,88043,88351,88872,89462,89897,90311,90721,90905,91292,91859,92479,92939,93419,93879,94082,94286,94680,95436,96004,96577,97034,97314,97759,98379,99005,99545,100096,100549,100740,101132,101883,102546,103124,103633,104082,104246,104672,105226,105740,106285,106789,107234,107392,107758,108235,108862,109277,109718,110093,110247,110512,110979,111453,111766,112057,112298,112399,112655,113078,113422,113797,114064,114291,114395,114462,114704,115150,115455,115718,115916,115967,116198,116453,116736,116967,117184,117309,117344,117489,117712,118003,118206,118382,118485,118513,118614,118817,119058,119238,119330,119391,119400,119456,119603,119693,119849,119937,119990,120001,120087,120158,120257,120338,120400,120476,120484,120530,120631,120692,120762,120834,120862,120863,120903,120966,120987,121028,121134,121167,121172,121206,121279,121336,121402,121487,121531,121532,121593,121681,121739,121809,121905,121972,121990,122060,122201,122280,122380,122493,122548,122585,122683,122812,122923,123011,123047,123138,123229,123320,123412,123503
